%YAML:1.0
   train_mean: !!opencv-matrix
       rows: 1
       cols: 160
       dt: f
       data: [ 0.004487,0.000635,0.001075,0.003380,0.010734,0.008671,
            0.001588,0.008087,0.008242,0.006331,0.000018,0.006609,0.006674,
            0.011136,0.009002,0.007405,0.002601,0.003109,0.001688,0.005533,
            0.009511,0.003880,0.008412,0.005419,0.000930,0.011858,0.007228,
            0.000303,0.009073,0.010260,0.004531,0.004296,0.009730,0.002829,
            0.013310,0.000017,0.008620,0.004059,0.008465,0.000013,0.002206,
            0.010578,0.010969,0.011241,0.009838,0.003098,0.008599,0.003750,
            0.005119,0.006663,0.010777,0.004536,0.008581,0.010506,0.001481,
            0.005716,0.012689,0.007231,0.005101,0.006528,0.000577,0.004122,
            0.000091,0.008718,0.002436,0.007088,0.006600,0.009312,0.005031,
            0.005860,0.011336,0.004793,0.001174,0.006814,0.011441,0.008542,
            0.007734,0.004084,0.006506,0.000009,0.005331,0.012108,0.001356,
            0.008059,0.000897,0.011163,0.000112,0.009251,0.001195,0.011286,
            0.005005,0.000158,0.004240,0.011258,0.011440,0.005057,0.009046,
            0.009493,0.009310,0.003716,0.001234,0.005178,0.009979,0.010339,
            0.007661,0.006354,0.011184,0.010341,0.007308,0.005550,0.005970,
            0.008322,0.005578,0.006928,0.001641,0.010779,0.005630,0.000021,
            0.007762,0.010179,0.009770,0.006863,0.011001,0.003533,0.000534,
            0.001691,0.006590,0.000297,0.009932,0.000214,0.009237,0.006823,
            0.008964,0.007053,0.009676,0.006140,0.002499,0.001025,0.003783,
            0.000544,0.000034,0.006841,0.008350,0.009105,0.008361,0.009004,
            0.001246,0.000690,0.007442,0.010996,0.005745,0.008214,0.006808,
            0.003773,0.007284,0.008140,0.007889,0.012349,0.010154,0.006765]
